100 0.00101844999999999995 0.00101690000000000005 0.00101585000000000000 0.00101532499999999986 0.00102019999999999997 0.00101707500000000031 0.00101555000000000005 0.00101194999999999996 0.00101905000000000008 0.00101705000000000003 
200 0.00827499999999999937 0.00828060000000000081 0.00829039999999999985 0.00827599999999999864 0.00827700000000000137 0.00824860000000000003 0.00827639999999999973 0.00827540000000000046 0.00825120000000000020 0.00830819999999999823 
300 0.02800460000000000102 0.02788579999999998837 0.02787939999999999863 0.02787860000000000338 0.02791000000000000078 0.02788140000000000063 0.02790340000000000181 0.02791240000000000387 0.02790300000000000072 0.02788999999999999813 
400 0.06644200000000000106 0.06606280000000000485 0.06613280000000000547 0.06628259999999999708 0.06608640000000000347 0.06611259999999999359 0.06616040000000000809 0.06612540000000000084 0.06614280000000000159 0.06615519999999999734 
500 0.12917560000000000153 0.12906879999999998354 0.12907679999999999154 0.12912099999999998579 0.12906599999999998629 0.12916019999999997503 0.12901919999999997279 0.12899160000000001181 0.12922220000000000928 0.15891900000000000470 
600 0.22848359999999998116 0.22570600000000001772 0.22322159999999996449 0.22364220000000001320 0.22343959999999998822 0.22345360000000002998 0.22368939999999998269 0.22340599999999999348 0.22382279999999998843 0.22297839999999999328 
700 0.35590460000000001539 0.35539899999999996494 0.35610459999999993785 0.35587279999999998914 0.35593379999999996688 0.35617999999999999661 0.35539419999999999344 0.35625680000000004011 0.35614999999999996660 0.35580380000000000340 
800 0.53347440000000001525 0.53314960000000000129 0.53291080000000001782 0.53268279999999990082 0.53300320000000001031 0.53294479999999988529 0.53355739999999995948 0.53320339999999999403 0.53248740000000005512 0.53274979999999994007 
900 0.75781540000000002788 0.75749999999999995115 0.75723979999999990742 0.75807840000000004110 0.75745159999999989164 0.75775619999999999088 0.75801180000000001336 0.75811079999999986256 0.75745980000000001642 0.75863159999999996153 
1000 1.04023259999999995173 1.03865359999999995466 1.03970800000000007657 1.03978320000000001855 1.03933419999999987482 1.03890100000000007441 1.03937099999999982280 1.03923660000000017689 1.03949500000000005784 1.03959080000000025912 
1100 1.38435360000000007297 1.38390360000000023355 1.38484580000000012667 1.38488619999999995613 1.38338119999999986653 1.38409559999999998148 1.38432119999999980742 1.38385020000000014129 1.38319359999999980104 1.38379019999999997026 
1200 1.79893580000000019581 1.79740760000000010521 1.79876599999999986501 1.79738759999999997419 1.79896199999999995001 1.79717240000000022526 1.79782120000000000815 1.79859380000000013133 1.79731039999999997470 1.79590539999999987408 
1300 2.29123000000000009990 2.28357799999999988572 2.28802820000000028955 2.28532759999999957046 2.28738979999999969550 2.28436140000000031947 2.28818520000000003023 2.28060760000000017911 2.28713919999999992783 2.28420160000000027622 
1400 2.85377580000000019567 2.85451659999999973749 2.85380519999999959779 2.85418060000000028964 2.85253880000000004102 2.85581379999999995789 2.85239139999999968822 2.85356699999999952055 2.85303339999999971965 2.85505079999999988871 
1500 3.50771459999999990487 3.50533939999999955006 3.50614479999999995030 3.50441039999999981447 3.50419899999999984175 3.50377080000000029614 3.49913879999999988257 3.49600740000000076435 3.49976699999999985025 3.49420699999999939678 
1600 4.24866380000000010142 4.25494940000000010372 4.24631599999999842510 4.24201219999999956656 4.24184739999999926852 4.24263760000000011985 4.24803279999999983119 4.25242780000000042406 4.24767220000000023106 4.24494099999999985329 
1700 5.07858980000000048705 5.08134879999999977684 5.08720160000000021228 5.08343860000000002941 5.07919180000000025643 5.08084860000000038127 5.08322580000000012745 5.08183600000000090802 5.08132659999999969358 5.08399860000000014537 
1800 6.03071820000000080597 6.03172240000000048354 6.03019660000000001787 6.03025760000000055072 6.03304019999999940893 6.02830460000000023513 6.03105200000000074567 6.02701459999999933359 6.03264580000000005811 6.02854059999999947195 
1900 7.08583020000000107785 7.08405059999999942022 7.08474559999999975446 7.08703240000000000975 7.09157119999999974169 7.10093640000000014822 7.08848599999999873233 7.08617279999999993834 7.10535079999999918954 7.10602700000000009339 
2000 8.28723460000000144987 8.27455920000000233472 8.28938379999999952474 8.28669860000000113587 8.28809539999999955739 8.29174959999999927618 8.28731980000000056918 8.28437079999999959057 8.28599920000000089715 8.28312219999999932440 
