100 0.00009208437499999970 0.00009195937499999966 0.00009209999999999972 0.00009189999999999975 0.00009310624999999966 
200 0.00095345000000000000 0.00095520000000000002 0.00095444999999999970 0.00095327499999999996 0.00095372500000000010 
300 0.00348639999999999974 0.00350139999999999956 0.00352669999999999980 0.00352079999999999971 0.00348820000000000033 
400 0.00804299999999999980 0.00801999999999999935 0.00800579999999999868 0.00800400000000000070 0.00821400000000000081 
500 0.01695999999999999591 0.01687419999999999892 0.01668859999999999094 0.01691419999999999729 0.01680299999999999849 
600 0.02786399999999999988 0.02739459999999999812 0.02750039999999999776 0.02723999999999999685 0.02727519999999999945 
700 0.04675919999999999382 0.04627339999999999925 0.04676100000000000395 0.04638040000000000218 0.04651100000000001067 
800 0.06503339999999999121 0.06513180000000000358 0.06512000000000002509 0.06533019999999999106 0.06548000000000001042 
900 0.10014479999999999216 0.09980920000000000070 0.10333080000000001430 0.09994400000000000506 0.09915079999999998339 
1000 0.13172420000000001350 0.12988780000000002546 0.13006139999999999368 0.12850639999999999286 0.13145500000000001628 
1100 0.18482999999999999430 0.18210320000000002061 0.18050800000000000178 0.18591419999999997392 0.18252099999999998881 
1200 0.23245180000000004172 0.22362239999999999895 0.22992980000000001750 0.22403339999999999366 0.24199019999999998864 
1300 0.30966079999999995831 0.35033119999999995375 0.30518899999999998807 0.32841939999999997246 0.34661300000000005994 
1400 0.40000960000000002070 0.37035640000000003003 0.46502440000000005993 0.36269119999999999138 0.36602679999999998550 
1500 0.47290199999999993352 0.46188899999999993851 0.51282820000000006733 0.47884000000000004338 0.47376899999999999569 
1600 0.56210240000000000204 0.55196579999999995092 0.56026460000000000150 0.66633399999999998187 0.55549959999999998228 
1700 0.69705620000000001468 0.68894940000000004510 0.67848519999999989949 0.68868519999999999737 0.68415940000000008414 
1800 0.78726180000000001158 0.77501600000000014923 0.77525200000000005218 0.78033560000000001811 0.77824999999999988631 
1900 0.96957039999999994340 0.97784660000000001023 0.95015959999999988206 0.99958880000000005506 0.99687559999999986182 
2000 1.04106600000000026895 1.03242200000000017290 1.04006439999999988899 1.03227819999999992362 1.03551039999999994201 
