100 245.381250 396.025000 559.625000 454.137500 386.662500 386.350000 337.675000 336.587500 335.812500 297.375000 
200 2894.950000 2890.000000 2565.100000 2700.200000 2642.350000 2578.250000 2594.800000 2580.050000 2567.650000 2856.450000 
300 11663.000000 11528.600000 11438.600000 10184.400000 10224.600000 10241.200000 10393.800000 10152.200000 10390.400000 10181.800000 
400 24184.800000 25179.600000 26197.800000 34773.200000 33190.000000 27335.200000 24440.000000 23967.400000 24151.200000 22743.800000 
500 46848.000000 47252.600000 48170.200000 61996.400000 51717.200000 47608.400000 47149.000000 46097.000000 47058.400000 46625.800000 
600 84896.600000 79397.800000 95335.600000 82600.000000 76524.200000 83946.200000 83146.200000 78735.600000 84590.200000 95888.000000 
700 132247.600000 130802.000000 146302.200000 150956.800000 141371.600000 139443.200000 139901.400000 146673.800000 142724.200000 200372.800000 
800 233978.200000 216362.200000 218762.000000 215161.800000 217351.400000 218108.800000 208796.800000 241074.000000 239927.600000 233175.600000 
900 358710.400000 364985.000000 349054.000000 339217.000000 326797.600000 337220.400000 323965.200000 322070.000000 323887.400000 405165.800000 
1000 449369.200000 446930.800000 411610.600000 423975.800000 478353.000000 430785.000000 448839.400000 410233.000000 409246.600000 417710.000000 
1100 560804.200000 592461.600000 645201.400000 538930.000000 538298.800000 547106.000000 548720.000000 577907.000000 586785.000000 582163.600000 
1200 771373.000000 738813.000000 719800.800000 799823.800000 732159.800000 734939.400000 684941.400000 770671.000000 715685.800000 726852.200000 
1300 960486.600000 1023489.200000 1046934.200000 1071099.800000 1027654.600000 986625.600000 1022803.000000 1046987.200000 985442.400000 1037134.200000 
1400 1275023.600000 1320620.600000 1329957.600000 1216481.600000 1315214.000000 1176352.400000 1179718.800000 1263569.600000 1334781.000000 1384213.200000 
1500 1485392.600000 1520855.400000 1517087.000000 1526288.800000 1066901.200000 1069779.400000 1091120.600000 1107394.400000 1064468.600000 1053127.600000 
1600 1302678.200000 1296383.000000 1294672.200000 1389889.800000 1298988.000000 1293674.200000 1292923.200000 1299900.200000 1298348.600000 1359153.000000 
1700 1509528.400000 1510012.200000 1508268.200000 1510169.600000 1557972.600000 1511413.000000 1512264.400000 1512013.600000 1570047.600000 1544642.600000 
1800 1789766.400000 1914480.400000 1850011.600000 1951034.600000 1849964.800000 1856379.400000 1972766.600000 1830471.000000 1816932.000000 1856095.400000 
1900 2152605.600000 2138574.600000 2144930.400000 2180370.600000 2131008.400000 2157613.000000 2157050.800000 2185090.200000 2158450.600000 2134144.600000 
2000 2480462.000000 2520931.200000 2516377.600000 2486162.200000 2491936.200000 2566671.200000 2504556.600000 2496302.200000 2506598.000000 2466246.200000 
