16 0.00000001557617187500 
32 0.00000001586914062500 
64 0.00000004726562500000 
128 0.00000010258789062500 
256 0.00000026582031250002 
512 0.00000059516601562488 
1024 0.00000124663085937504 
2048 0.00000253857421874963 
4096 0.00000507167968750046 
8192 0.00001027031249999981 
16384 0.00002052343749999972 
32768 0.00004300156250000013 
65536 0.00008244687500000013 
131072 0.00016416249999999988 
262144 0.00033231249999999987 
524288 0.00067167499999999983 
1048576 0.00130310000000000018 
2097152 0.00261075000000000022 
4194304 0.00521920000000000803 
8388608 0.01043499999999999810 
16777216 0.02193820000000001186 
33554432 0.04296540000000000081 
67108864 0.08386460000000002524 
134217728 0.17133960000000000856 
268435456 0.33924179999999998225 
