16 0.541199 0.392944 0.400696 0.399597 0.399292 0.399414 0.398560 0.392883 0.399414 0.405518 0.407043 0.422668 0.401367 0.417053 0.399170 0.396057 0.400513 0.400208 0.406189 0.405029 0.398804 0.398010 0.398254 0.407227 0.401306 0.398438 0.395020 0.395874 0.398071 0.400818 
32 0.429993 0.427002 0.426147 0.428406 0.430420 0.435425 0.431030 0.427185 0.432312 0.428406 0.433411 0.426941 0.427917 0.430176 0.428467 0.426758 0.433472 0.429749 0.436584 0.432495 0.427368 0.426331 0.421814 0.427124 0.424377 0.428040 0.424072 0.424133 0.428772 0.428284 
64 0.488831 0.487061 0.490784 0.490723 0.486877 0.486877 0.487000 0.487183 0.485901 0.488159 0.485657 0.489746 0.489746 0.484558 0.488220 0.487427 0.489136 0.485535 0.486938 0.489563 0.489990 0.489807 0.485840 0.486755 0.487061 0.489685 0.489380 0.490051 0.484497 0.486389 
128 0.596375 0.593140 0.595825 0.592651 0.594116 0.593933 0.593323 0.594482 0.594482 0.594788 0.596008 0.596436 0.600464 0.594238 0.592834 0.595459 0.595337 0.590698 0.595703 0.594116 0.596863 0.595947 0.593689 0.591980 0.595276 0.591064 0.590027 0.590637 0.597656 0.595459 
256 0.806274 0.802429 0.805115 0.803772 0.805420 0.805542 0.808960 0.806946 0.804016 0.802002 0.803772 0.804688 0.803223 0.803345 0.804199 0.802673 0.804626 0.798706 0.802979 0.805298 0.805542 0.800415 0.806152 0.798279 0.810730 0.803955 0.803894 0.801880 0.805359 0.808899 
512 1.226501 1.222595 1.218994 1.219055 1.225098 1.224915 1.221558 1.223206 1.219299 1.226318 1.224121 1.223267 1.226746 1.225281 1.222534 1.222351 1.219604 1.226624 1.225220 1.220093 1.226929 1.223083 1.224609 1.225647 1.226868 1.224548 1.220886 1.222168 1.222961 1.221375 
1024 2.062317 2.066284 2.057617 2.056580 2.064697 2.058899 2.055542 2.059082 2.070190 2.061462 2.057861 2.059631 2.060974 2.061096 2.060974 2.059570 2.057922 2.061707 2.058105 2.062927 2.059143 2.063721 2.058472 2.061707 2.063110 2.059753 2.062500 2.063843 2.058716 2.064148 
2048 3.743896 3.783203 3.759888 3.797607 3.802246 3.733398 3.797852 3.765137 3.803955 3.793579 3.751709 3.802856 3.800049 3.798462 3.751709 3.739746 3.734253 3.735352 3.773682 3.778442 3.805542 3.769043 3.801392 3.734009 3.733643 3.735718 3.738159 3.745728 3.790527 3.813232 
4096 7.133057 7.156006 7.152832 7.168457 7.156982 7.153076 7.146484 7.150635 7.097168 7.161621 7.095215 7.125000 7.156494 7.151611 7.145996 7.158936 7.118164 7.160889 7.162842 7.151123 7.162109 7.145020 7.152344 7.168701 7.152832 7.220703 7.142822 7.169678 7.157715 7.106934 
8192 13.812012 13.857422 13.802246 13.780273 13.802734 13.809570 13.783691 13.826172 13.773438 13.801758 13.822754 13.830078 13.791016 13.812500 13.828125 13.809082 13.828125 13.774414 13.765137 13.775391 13.839844 13.841309 13.822754 13.786621 13.786133 13.787109 13.831055 13.801270 13.803711 13.790039 
16384 27.229492 27.195312 27.215820 27.233398 27.254883 27.255859 27.210938 27.245117 27.222656 27.207031 27.243164 27.186523 27.271484 27.227539 27.184570 27.224609 27.191406 27.217773 27.227539 27.185547 27.206055 27.219727 27.216797 27.221680 27.215820 27.235352 27.177734 27.246094 27.242188 27.289062 
32768 54.144531 54.003906 54.035156 54.119141 54.058594 54.060547 53.978516 54.082031 54.083984 54.013672 53.988281 53.994141 54.072266 53.955078 54.048828 53.960938 54.019531 54.033203 54.042969 54.005859 53.986328 54.042969 54.007812 54.031250 53.992188 54.023438 53.990234 54.099609 53.998047 54.023438 
65536 107.804688 107.671875 107.710938 107.535156 107.546875 107.531250 107.503906 107.589844 107.488281 107.527344 107.574219 107.664062 107.554688 107.531250 107.550781 107.574219 107.515625 107.539062 107.410156 107.441406 107.539062 107.531250 107.542969 107.527344 107.609375 107.535156 107.484375 107.539062 107.570312 107.601562 
131072 214.585938 214.617188 214.570312 214.703125 214.664062 214.554688 214.679688 214.734375 214.648438 214.671875 214.695312 214.640625 214.609375 214.656250 214.710938 214.632812 214.710938 214.625000 214.640625 214.937500 214.710938 214.640625 214.625000 214.570312 214.617188 214.632812 214.679688 214.781250 214.828125 214.648438 
262144 429.156250 429.031250 428.953125 428.796875 428.812500 429.484375 428.859375 428.906250 428.921875 428.875000 428.859375 428.906250 429.046875 428.921875 428.859375 428.875000 428.906250 428.843750 428.968750 428.859375 428.812500 428.906250 428.796875 429.109375 428.906250 429.390625 429.000000 428.781250 428.796875 428.921875 
524288 857.656250 859.031250 858.031250 857.281250 857.250000 857.500000 857.281250 857.312500 857.375000 857.406250 857.375000 857.250000 857.437500 857.718750 857.406250 857.187500 857.375000 857.375000 857.250000 857.218750 857.250000 857.937500 858.062500 858.562500 857.500000 857.343750 857.406250 857.281250 857.156250 857.500000 
1048576 1716.125000 1724.562500 1715.250000 1718.812500 1720.187500 1715.562500 1715.937500 1718.062500 1716.000000 1715.687500 1716.062500 1714.812500 1715.625000 1715.625000 1715.687500 1715.000000 1717.000000 1715.250000 1715.312500 1716.062500 1715.437500 1715.500000 1715.375000 1716.312500 1714.937500 1715.562500 1715.750000 1715.000000 1715.687500 1716.500000 
2097152 3429.375000 3429.250000 3429.500000 3428.750000 3428.625000 3430.125000 3429.375000 3429.000000 3431.250000 3430.625000 3430.750000 3433.500000 3428.500000 3435.500000 3428.750000 3428.250000 3430.500000 3429.625000 3429.000000 3428.875000 3435.500000 3428.625000 3429.750000 3432.000000 3429.750000 3429.375000 3429.375000 3428.500000 3429.250000 3430.750000 
4194304 6858.500000 6862.625000 6859.750000 6859.500000 6862.125000 6858.625000 6858.500000 6858.250000 6859.375000 6866.750000 6858.000000 6858.250000 6859.500000 6859.250000 6861.000000 6858.000000 6860.125000 6858.875000 6859.125000 6858.875000 6859.125000 6858.875000 6859.625000 6866.250000 6865.750000 6857.750000 6867.750000 6858.875000 6866.250000 6860.875000 
8388608 13721.000000 13715.250000 13720.000000 13714.500000 13715.000000 13718.250000 13716.250000 13714.500000 13725.500000 13716.250000 13713.750000 13720.500000 13719.750000 13713.750000 13719.000000 13733.250000 13717.000000 13716.000000 13713.750000 13713.750000 13736.000000 13714.250000 13714.250000 13737.250000 13717.250000 13715.750000 13722.000000 13712.750000 13715.500000 13735.000000 
16777216 27438.000000 27430.000000 27430.500000 27430.000000 27433.000000 27435.500000 27430.500000 27429.500000 27430.500000 27441.500000 27429.000000 27450.500000 27430.500000 27431.000000 27431.500000 27450.000000 27435.000000 27427.000000 27475.500000 27432.000000 27431.000000 27428.500000 27464.000000 27446.500000 27440.500000 27432.500000 27431.000000 27431.000000 27430.500000 27431.000000 
33554432 54874.000000 54964.000000 54852.000000 54856.000000 54851.000000 54869.000000 54856.000000 54854.000000 54852.000000 54855.000000 54865.000000 54850.000000 54933.000000 55161.000000 54854.000000 54855.000000 55009.000000 54858.000000 54851.000000 54906.000000 54877.000000 54880.000000 54851.000000 54854.000000 54853.000000 54850.000000 54878.000000 54872.000000 54877.000000 54852.000000 
67108864 110050.000000 109736.000000 109724.000000 109725.000000 109796.000000 109732.000000 110207.000000 112095.000000 109818.000000 109779.000000 109803.000000 109901.000000 109750.000000 109795.000000 110022.000000 109979.000000 109755.000000 109773.000000 109889.000000 109975.000000 110308.000000 109864.000000 109739.000000 109897.000000 109809.000000 109809.000000 109765.000000 109743.000000 109929.000000 109735.000000 
134217728 219664.000000 220137.000000 219553.000000 219781.000000 219670.000000 219563.000000 219515.000000 226176.000000 219472.000000 253254.000000 219759.000000 222503.000000 392605.000000 224277.000000 244031.000000 219485.000000 219602.000000 219510.000000 219706.000000 219525.000000 219613.000000 219668.000000 220617.000000 252011.000000 219457.000000 219465.000000 219518.000000 219512.000000 219502.000000 239471.000000 
268435456 645486.000000 549567.000000 692722.000000 1437501.000000 513278.000000 669217.000000 470466.000000 537889.000000 753722.000000 555864.000000 1093852.000000 518429.000000 2035099.000000 558206.000000 1658896.000000 504430.000000 532353.000000 478582.000000 751877.000000 519612.000000 502640.000000 644422.000000 473579.000000 512215.000000 528035.000000 539470.000000 2043053.000000 517522.000000 486093.000000 514779.000000 
